esp_0001.png,0,-1,-1,-1,-1
esp_0002.png,1,2,1,12,18
esp_0003.png,0,-1,-1,-1,-1
esp_0004.png,0,-1,-1,-1,-1
esp_0005.png,0,-1,-1,-1,-1
esp_0006.png,0,-1,-1,-1,-1
esp_0007.png,0,-1,-1,-1,-1
esp_0008.png,0,-1,-1,-1,-1
esp_0009.png,0,-1,-1,-1,-1
esp_0010.png,0,-1,-1,-1,-1
esp_0011.png,0,-1,-1,-1,-1
esp_0012.png,0,-1,-1,-1,-1
esp_0013.png,0,-1,-1,-1,-1
esp_0014.png,0,-1,-1,-1,-1
esp_0015.png,0,-1,-1,-1,-1
esp_0016.png,0,-1,-1,-1,-1
esp_0017.png,0,-1,-1,-1,-1
esp_0018.png,0,-1,-1,-1,-1
esp_0019.png,0,-1,-1,-1,-1
esp_0020.png,0,-1,-1,-1,-1
esp_0021.png,0,-1,-1,-1,-1
esp_0022.png,0,-1,-1,-1,-1
esp_0023.png,0,-1,-1,-1,-1
esp_0024.png,0,-1,-1,-1,-1
esp_0025.png,0,-1,-1,-1,-1
esp_0026.png,0,-1,-1,-1,-1
esp_0027.png,0,-1,-1,-1,-1
esp_0028.png,0,-1,-1,-1,-1
esp_0029.png,0,-1,-1,-1,-1
esp_0030.png,0,-1,-1,-1,-1
esp_0031.png,0,-1,-1,-1,-1
esp_0032.png,0,-1,-1,-1,-1
esp_0033.png,0,-1,-1,-1,-1
esp_0034.png,0,-1,-1,-1,-1
esp_0035.png,0,-1,-1,-1,-1
esp_0036.png,0,-1,-1,-1,-1
esp_0037.png,0,-1,-1,-1,-1
esp_0038.png,0,-1,-1,-1,-1
esp_0039.png,0,-1,-1,-1,-1
esp_0040.png,0,-1,-1,-1,-1
esp_0041.png,0,-1,-1,-1,-1
esp_0042.png,0,-1,-1,-1,-1
esp_0043.png,0,-1,-1,-1,-1
esp_0044.png,0,-1,-1,-1,-1
esp_0045.png,0,-1,-1,-1,-1
esp_0046.png,0,-1,-1,-1,-1
esp_0047.png,0,-1,-1,-1,-1
esp_0048.png,0,-1,-1,-1,-1
esp_0049.png,0,-1,-1,-1,-1
esp_0050.png,0,-1,-1,-1,-1
esp_0051.png,0,-1,-1,-1,-1
esp_0052.png,0,-1,-1,-1,-1
esp_0053.png,0,-1,-1,-1,-1
esp_0054.png,0,-1,-1,-1,-1
esp_0055.png,0,-1,-1,-1,-1
esp_0056.png,0,-1,-1,-1,-1
esp_0057.png,0,-1,-1,-1,-1
esp_0058.png,0,-1,-1,-1,-1
esp_0059.png,0,-1,-1,-1,-1
esp_0060.png,0,-1,-1,-1,-1
esp_0061.png,0,-1,-1,-1,-1
esp_0062.png,0,-1,-1,-1,-1
esp_0063.png,0,-1,-1,-1,-1
esp_0064.png,0,-1,-1,-1,-1
esp_0065.png,0,-1,-1,-1,-1
esp_0066.png,0,-1,-1,-1,-1
esp_0067.png,0,-1,-1,-1,-1
esp_0068.png,1,69,10,26,29
esp_0069.png,0,-1,-1,-1,-1
esp_0070.png,0,-1,-1,-1,-1
esp_0071.png,0,-1,-1,-1,-1
esp_0072.png,0,-1,-1,-1,-1
esp_0073.png,0,-1,-1,-1,-1
esp_0074.png,0,-1,-1,-1,-1
esp_0075.png,0,-1,-1,-1,-1
esp_0076.png,0,-1,-1,-1,-1
esp_0077.png,0,-1,-1,-1,-1
esp_0078.png,0,-1,-1,-1,-1
esp_0079.png,1,89,0,19,14
esp_0080.png,0,-1,-1,-1,-1
esp_0081.png,0,-1,-1,-1,-1
esp_0082.png,0,-1,-1,-1,-1
esp_0083.png,0,-1,-1,-1,-1
esp_0084.png,0,-1,-1,-1,-1
esp_0085.png,0,-1,-1,-1,-1
esp_0086.png,0,-1,-1,-1,-1
esp_0087.png,0,-1,-1,-1,-1
esp_0088.png,0,-1,-1,-1,-1
esp_0089.png,0,-1,-1,-1,-1
esp_0090.png,1,78,6,19,28
esp_0091.png,0,-1,-1,-1,-1
esp_0092.png,0,-1,-1,-1,-1
esp_0093.png,0,-1,-1,-1,-1
esp_0094.png,0,-1,-1,-1,-1
esp_0095.png,0,-1,-1,-1,-1
esp_0096.png,0,-1,-1,-1,-1
esp_0097.png,0,-1,-1,-1,-1
esp_0098.png,0,-1,-1,-1,-1
esp_0099.png,0,-1,-1,-1,-1
esp_0100.png,0,-1,-1,-1,-1
esp_0101.png,1,56,0,20,11
esp_0102.png,0,-1,-1,-1,-1
esp_0103.png,0,-1,-1,-1,-1
esp_0104.png,0,-1,-1,-1,-1
esp_0105.png,0,-1,-1,-1,-1
esp_0106.png,0,-1,-1,-1,-1
esp_0107.png,0,-1,-1,-1,-1
esp_0108.png,0,-1,-1,-1,-1
esp_0109.png,0,-1,-1,-1,-1
esp_0110.png,0,-1,-1,-1,-1
esp_0111.png,0,-1,-1,-1,-1
esp_0112.png,1,31,30,21,24
esp_0113.png,0,-1,-1,-1,-1
esp_0114.png,0,-1,-1,-1,-1
esp_0115.png,0,-1,-1,-1,-1
esp_0116.png,0,-1,-1,-1,-1
esp_0117.png,0,-1,-1,-1,-1
esp_0118.png,0,-1,-1,-1,-1
esp_0119.png,0,-1,-1,-1,-1
esp_0120.png,0,-1,-1,-1,-1
esp_0121.png,0,-1,-1,-1,-1
esp_0122.png,0,-1,-1,-1,-1
esp_0123.png,0,-1,-1,-1,-1
esp_0124.png,1,34,0,19,24
esp_0125.png,0,-1,-1,-1,-1
esp_0126.png,0,-1,-1,-1,-1
esp_0127.png,0,-1,-1,-1,-1
esp_0128.png,0,-1,-1,-1,-1
esp_0129.png,0,-1,-1,-1,-1
esp_0130.png,0,-1,-1,-1,-1
esp_0131.png,0,-1,-1,-1,-1
esp_0132.png,0,-1,-1,-1,-1
esp_0133.png,0,-1,-1,-1,-1
esp_0134.png,0,-1,-1,-1,-1
esp_0135.png,1,27,1,10,16
esp_0136.png,0,-1,-1,-1,-1
esp_0137.png,0,-1,-1,-1,-1
esp_0138.png,0,-1,-1,-1,-1
esp_0139.png,0,-1,-1,-1,-1
esp_0140.png,0,-1,-1,-1,-1
esp_0141.png,0,-1,-1,-1,-1
esp_0142.png,0,-1,-1,-1,-1
esp_0143.png,0,-1,-1,-1,-1
esp_0144.png,0,-1,-1,-1,-1
esp_0145.png,0,-1,-1,-1,-1
esp_0146.png,0,-1,-1,-1,-1
esp_0147.png,0,-1,-1,-1,-1
esp_0148.png,0,-1,-1,-1,-1
esp_0149.png,0,-1,-1,-1,-1
esp_0150.png,0,-1,-1,-1,-1
esp_0151.png,0,-1,-1,-1,-1
esp_0152.png,0,-1,-1,-1,-1
esp_0153.png,0,-1,-1,-1,-1
esp_0154.png,0,-1,-1,-1,-1
esp_0155.png,0,-1,-1,-1,-1
esp_0156.png,0,-1,-1,-1,-1
esp_0157.png,0,-1,-1,-1,-1
esp_0158.png,0,-1,-1,-1,-1
esp_0159.png,0,-1,-1,-1,-1
esp_0160.png,0,-1,-1,-1,-1
esp_0161.png,0,-1,-1,-1,-1
esp_0162.png,0,-1,-1,-1,-1
esp_0163.png,0,-1,-1,-1,-1
esp_0164.png,0,-1,-1,-1,-1
esp_0165.png,0,-1,-1,-1,-1
esp_0166.png,0,-1,-1,-1,-1
esp_0167.png,0,-1,-1,-1,-1
esp_0168.png,0,-1,-1,-1,-1
esp_0169.png,0,-1,-1,-1,-1
esp_0170.png,0,-1,-1,-1,-1
esp_0171.png,0,-1,-1,-1,-1
esp_0172.png,0,-1,-1,-1,-1
esp_0173.png,0,-1,-1,-1,-1
esp_0174.png,0,-1,-1,-1,-1
esp_0175.png,0,-1,-1,-1,-1
esp_0176.png,0,-1,-1,-1,-1
esp_0177.png,0,-1,-1,-1,-1
esp_0178.png,0,-1,-1,-1,-1
esp_0179.png,0,-1,-1,-1,-1
esp_0180.png,0,-1,-1,-1,-1
esp_0181.png,0,-1,-1,-1,-1
esp_0182.png,0,-1,-1,-1,-1
esp_0183.png,0,-1,-1,-1,-1
esp_0184.png,0,-1,-1,-1,-1
esp_0185.png,0,-1,-1,-1,-1
esp_0186.png,0,-1,-1,-1,-1
esp_0187.png,0,-1,-1,-1,-1
esp_0188.png,0,-1,-1,-1,-1
esp_0189.png,0,-1,-1,-1,-1
esp_0190.png,0,-1,-1,-1,-1
esp_0191.png,0,-1,-1,-1,-1
esp_0192.png,0,-1,-1,-1,-1
esp_0193.png,0,-1,-1,-1,-1
esp_0194.png,0,-1,-1,-1,-1
esp_0195.png,0,-1,-1,-1,-1
esp_0196.png,0,-1,-1,-1,-1
esp_0197.png,0,-1,-1,-1,-1
esp_0198.png,0,-1,-1,-1,-1
esp_0199.png,0,-1,-1,-1,-1
esp_0200.png,0,-1,-1,-1,-1
esp_0201.png,1,50,0,10,8
esp_0202.png,0,-1,-1,-1,-1
esp_0203.png,0,-1,-1,-1,-1
esp_0204.png,0,-1,-1,-1,-1
esp_0205.png,0,-1,-1,-1,-1
esp_0206.png,0,-1,-1,-1,-1
esp_0207.png,0,-1,-1,-1,-1
esp_0208.png,0,-1,-1,-1,-1
esp_0209.png,0,-1,-1,-1,-1
esp_0210.png,0,-1,-1,-1,-1
esp_0211.png,0,-1,-1,-1,-1
esp_0212.png,0,-1,-1,-1,-1
esp_0213.png,0,-1,-1,-1,-1
esp_0214.png,0,-1,-1,-1,-1
esp_0215.png,0,-1,-1,-1,-1
esp_0216.png,0,-1,-1,-1,-1
esp_0217.png,0,-1,-1,-1,-1
esp_0218.png,0,-1,-1,-1,-1
esp_0219.png,0,-1,-1,-1,-1
esp_0220.png,0,-1,-1,-1,-1
esp_0221.png,0,-1,-1,-1,-1
esp_0222.png,0,-1,-1,-1,-1
esp_0223.png,1,113,5,14,32
esp_0224.png,1,57,5,10,15
esp_0225.png,0,-1,-1,-1,-1
esp_0226.png,0,-1,-1,-1,-1
esp_0227.png,0,-1,-1,-1,-1
esp_0228.png,0,-1,-1,-1,-1
esp_0229.png,0,-1,-1,-1,-1
esp_0230.png,0,-1,-1,-1,-1
esp_0231.png,0,-1,-1,-1,-1
esp_0232.png,0,-1,-1,-1,-1
esp_0233.png,0,-1,-1,-1,-1
esp_0234.png,0,-1,-1,-1,-1
esp_0235.png,1,69,19,10,15
esp_0236.png,0,-1,-1,-1,-1
esp_0237.png,1,30,38,8,10
esp_0238.png,0,-1,-1,-1,-1
esp_0239.png,0,-1,-1,-1,-1
esp_0240.png,0,-1,-1,-1,-1
esp_0241.png,0,-1,-1,-1,-1
esp_0242.png,0,-1,-1,-1,-1
esp_0243.png,0,-1,-1,-1,-1
esp_0244.png,0,-1,-1,-1,-1
esp_0245.png,0,-1,-1,-1,-1
esp_0246.png,1,61,18,11,13
esp_0247.png,0,-1,-1,-1,-1
esp_0248.png,0,-1,-1,-1,-1
esp_0249.png,0,-1,-1,-1,-1
esp_0250.png,0,-1,-1,-1,-1
esp_0251.png,0,-1,-1,-1,-1
esp_0252.png,0,-1,-1,-1,-1
esp_0253.png,0,-1,-1,-1,-1
esp_0254.png,0,-1,-1,-1,-1
esp_0255.png,0,-1,-1,-1,-1
esp_0256.png,0,-1,-1,-1,-1
esp_0257.png,1,73,13,13,16
esp_0258.png,0,-1,-1,-1,-1
esp_0259.png,0,-1,-1,-1,-1
esp_0260.png,1,66,34,22,26
esp_0261.png,1,65,0,17,23
esp_0262.png,0,-1,-1,-1,-1
esp_0263.png,1,31,56,21,30
esp_0264.png,1,25,43,26,34
esp_0265.png,1,54,29,27,37
esp_0266.png,1,26,11,25,36
esp_0267.png,1,19,5,22,31
esp_0268.png,1,61,0,13,13
esp_0269.png,1,95,5,18,24
esp_0270.png,1,94,20,15,20
esp_0271.png,1,59,0,14,14
esp_0272.png,1,42,0,14,3
esp_0273.png,1,48,0,12,3
esp_0274.png,1,52,3,14,14
esp_0275.png,1,50,0,12,9
esp_0276.png,1,55,0,14,19
esp_0277.png,1,68,0,18,19
esp_0278.png,0,-1,-1,-1,-1
esp_0279.png,1,58,14,17,24
esp_0280.png,0,-1,-1,-1,-1
esp_0281.png,1,10,0,13,8
esp_0282.png,0,-1,-1,-1,-1
esp_0283.png,0,-1,-1,-1,-1
esp_0284.png,0,-1,-1,-1,-1
esp_0285.png,0,-1,-1,-1,-1
esp_0286.png,0,-1,-1,-1,-1
esp_0287.png,0,-1,-1,-1,-1
esp_0288.png,0,-1,-1,-1,-1
esp_0289.png,1,3,0,13,15
esp_0290.png,1,66,39,19,25
esp_0291.png,1,56,31,13,16
esp_0292.png,1,53,30,13,16
esp_0293.png,1,84,25,19,25
esp_0294.png,1,72,29,20,22
esp_0295.png,1,97,17,21,25
esp_0296.png,0,-1,-1,-1,-1
esp_0297.png,0,-1,-1,-1,-1
esp_0298.png,0,-1,-1,-1,-1
esp_0299.png,1,61,27,18,22
esp_0300.png,0,-1,-1,-1,-1
esp_0301.png,1,42,13,14,20
esp_0302.png,1,4,25,19,26
esp_0303.png,1,94,57,16,23
esp_0304.png,1,2,80,23,26
esp_0305.png,0,-1,-1,-1,-1
esp_0306.png,1,23,62,22,26
esp_0307.png,0,-1,-1,-1,-1
esp_0308.png,1,2,24,20,23
esp_0309.png,1,123,90,5,18
esp_0310.png,0,-1,-1,-1,-1
esp_0311.png,1,5,13,13,19
esp_0312.png,1,34,0,64,69
esp_0313.png,1,58,35,32,42
esp_0314.png,0,-1,-1,-1,-1
esp_0315.png,1,53,30,14,20
esp_0316.png,1,45,45,14,18
esp_0317.png,1,20,14,15,19
esp_0318.png,1,22,15,14,20
esp_0319.png,1,14,2,14,19
esp_0320.png,1,70,5,19,21
esp_0321.png,0,-1,-1,-1,-1
esp_0322.png,1,0,6,10,19
esp_0323.png,1,52,5,20,27
esp_0324.png,1,32,41,19,28
esp_0325.png,1,63,17,10,19
esp_0326.png,1,81,51,13,20
esp_0327.png,0,-1,-1,-1,-1
esp_0328.png,1,57,43,18,25
esp_0329.png,1,48,31,27,37
esp_0330.png,1,27,14,32,50
esp_0331.png,0,-1,-1,-1,-1
esp_0332.png,1,31,12,24,36
esp_0333.png,1,88,9,25,33
esp_0334.png,0,-1,-1,-1,-1
esp_0335.png,0,-1,-1,-1,-1
esp_0336.png,1,65,0,10,10
esp_0337.png,1,79,17,11,15
esp_0338.png,0,-1,-1,-1,-1
esp_0339.png,1,95,35,12,19
esp_0340.png,1,76,89,27,28
esp_0341.png,1,45,39,16,22
esp_0342.png,0,-1,-1,-1,-1
esp_0343.png,1,68,16,13,17
esp_0344.png,0,-1,-1,-1,-1
esp_0345.png,1,44,3,19,25
esp_0346.png,1,97,19,18,21
esp_0347.png,1,68,12,17,23
esp_0348.png,1,5,0,18,18
esp_0349.png,1,70,8,15,21
esp_0350.png,1,55,0,15,15
esp_0351.png,1,91,0,26,18
esp_0352.png,0,-1,-1,-1,-1
esp_0353.png,0,-1,-1,-1,-1
esp_0354.png,0,-1,-1,-1,-1
esp_0355.png,1,55,2,20,26
esp_0356.png,0,-1,-1,-1,-1
esp_0357.png,0,-1,-1,-1,-1
esp_0358.png,0,-1,-1,-1,-1
esp_0359.png,1,32,0,21,16
esp_0360.png,1,52,18,26,33
esp_0361.png,1,62,20,19,30
esp_0362.png,1,38,0,24,24
esp_0363.png,1,20,21,27,43
esp_0364.png,0,-1,-1,-1,-1
esp_0365.png,1,0,0,38,83
esp_0366.png,1,48,0,18,13
esp_0367.png,1,0,0,41,54
esp_0368.png,1,7,0,46,52
esp_0369.png,1,108,53,20,33
esp_0370.png,1,102,40,20,31
esp_0371.png,1,102,42,23,36
esp_0372.png,1,56,26,27,43
esp_0373.png,0,-1,-1,-1,-1
esp_0374.png,0,-1,-1,-1,-1
esp_0375.png,1,0,39,26,44
esp_0376.png,1,10,37,32,43
esp_0377.png,0,-1,-1,-1,-1
esp_0378.png,1,37,86,21,25
esp_0379.png,1,70,5,19,26
esp_0380.png,0,-1,-1,-1,-1
esp_0381.png,1,102,14,20,28
esp_0382.png,1,3,41,24,31
esp_0383.png,0,-1,-1,-1,-1
esp_0384.png,0,-1,-1,-1,-1
esp_0385.png,1,10,25,26,37
esp_0386.png,1,6,0,28,40
esp_0387.png,1,24,0,26,40
esp_0388.png,1,55,0,18,12
esp_0389.png,1,49,9,22,34
esp_0390.png,1,29,46,26,30
esp_0391.png,1,19,28,23,36
esp_0392.png,1,25,32,24,34
esp_0393.png,0,-1,-1,-1,-1
esp_0394.png,1,18,4,21,33
esp_0395.png,1,24,73,24,29
esp_0396.png,0,-1,-1,-1,-1
esp_0397.png,1,0,6,7,15
esp_0398.png,1,62,39,10,13
esp_0399.png,0,-1,-1,-1,-1
esp_0400.png,1,8,0,12,10
esp_0401.png,1,47,0,9,7
esp_0402.png,1,35,0,15,12
esp_0403.png,1,43,15,16,20
esp_0404.png,1,111,33,17,25
esp_0405.png,1,100,0,14,12
esp_0406.png,1,37,0,12,16
esp_0407.png,0,-1,-1,-1,-1
esp_0408.png,0,-1,-1,-1,-1
esp_0409.png,1,61,2,12,16
esp_0410.png,1,70,1,21,28
esp_0411.png,1,82,43,12,18
esp_0412.png,1,93,28,11,17
esp_0413.png,1,116,20,11,16
esp_0414.png,1,84,21,12,15
esp_0415.png,1,80,34,12,15
esp_0416.png,1,69,28,10,12
esp_0417.png,1,79,31,12,16
esp_0418.png,1,18,32,15,17
esp_0419.png,1,34,47,16,18
esp_0420.png,1,53,58,20,25
esp_0421.png,1,69,16,19,22
esp_0422.png,1,14,28,20,22
esp_0423.png,1,50,46,14,21
esp_0424.png,1,69,25,16,19
esp_0425.png,1,86,10,12,16
esp_0426.png,1,54,16,14,16
esp_0427.png,1,68,27,13,16
esp_0428.png,1,69,22,12,16
esp_0429.png,1,56,15,13,16
esp_0430.png,1,77,19,12,17
esp_0431.png,1,54,16,13,16
esp_0432.png,1,44,10,20,22
esp_0433.png,1,80,17,13,17
esp_0434.png,1,54,21,13,16
esp_0435.png,1,51,9,14,16
esp_0436.png,1,35,0,11,14
esp_0437.png,1,57,7,11,17
esp_0438.png,1,48,12,9,14
esp_0439.png,1,45,10,11,15
esp_0440.png,1,42,18,10,14
esp_0441.png,1,88,0,11,10
esp_0442.png,1,75,0,12,13
esp_0443.png,1,89,12,22,29
esp_0444.png,0,-1,-1,-1,-1
esp_0445.png,0,-1,-1,-1,-1
esp_0446.png,1,116,9,11,16
esp_0447.png,1,84,45,12,17
esp_0448.png,1,14,11,12,16
esp_0449.png,1,0,27,8,17
esp_0450.png,1,31,13,12,18
esp_0451.png,1,0,36,16,26
esp_0452.png,1,45,0,13,9
esp_0453.png,1,61,0,12,9
esp_0454.png,1,54,0,10,15
esp_0455.png,0,-1,-1,-1,-1
esp_0456.png,1,37,1,13,18
esp_0457.png,1,49,21,14,21
esp_0458.png,1,66,5,12,19
esp_0459.png,1,34,2,14,21
esp_0460.png,1,98,48,19,21
esp_0461.png,1,34,22,18,25
esp_0462.png,0,-1,-1,-1,-1
esp_0463.png,1,9,12,19,24
esp_0464.png,0,-1,-1,-1,-1
esp_0465.png,0,-1,-1,-1,-1
esp_0466.png,0,-1,-1,-1,-1
esp_0467.png,1,79,24,18,22
esp_0468.png,1,43,25,18,25
esp_0469.png,1,25,72,20,26
esp_0470.png,1,59,89,25,30
esp_0471.png,0,-1,-1,-1,-1
esp_0472.png,1,11,81,10,13
esp_0473.png,0,-1,-1,-1,-1
esp_0474.png,1,67,22,12,14
esp_0475.png,0,-1,-1,-1,-1
esp_0476.png,1,37,3,15,20
esp_0477.png,1,45,6,30,38
esp_0478.png,1,35,27,15,18
esp_0479.png,1,93,8,13,17
esp_0480.png,1,110,16,14,18
esp_0481.png,1,99,25,11,15
esp_0482.png,1,71,18,11,14
esp_0483.png,1,5,20,14,17
esp_0484.png,1,43,43,15,14
esp_0485.png,0,-1,-1,-1,-1
esp_0486.png,1,0,3,12,15
esp_0487.png,1,45,19,10,16
esp_0488.png,1,26,0,14,10
esp_0489.png,1,53,20,13,17
esp_0490.png,1,23,10,14,17
esp_0491.png,1,30,34,15,20
esp_0492.png,0,-1,-1,-1,-1
esp_0493.png,1,40,29,18,25
esp_0494.png,0,-1,-1,-1,-1
esp_0495.png,0,-1,-1,-1,-1
esp_0496.png,1,34,56,17,22
esp_0497.png,1,40,16,14,20
esp_0498.png,1,15,75,26,34
esp_0499.png,1,0,0,11,43
esp_0500.png,1,0,60,16,27
esp_0501.png,0,-1,-1,-1,-1
esp_0502.png,1,21,42,21,32
esp_0503.png,1,69,15,4,7
esp_0504.png,1,106,20,15,20
esp_0505.png,1,34,0,17,22
esp_0506.png,1,86,7,20,25
esp_0507.png,1,85,0,24,32
esp_0508.png,0,-1,-1,-1,-1
esp_0509.png,1,40,9,27,41
esp_0510.png,1,0,2,9,60
esp_0511.png,0,-1,-1,-1,-1
esp_0512.png,0,-1,-1,-1,-1
esp_0513.png,1,17,105,44,22
esp_0514.png,1,23,86,31,42
esp_0515.png,1,16,13,24,35
esp_0516.png,0,-1,-1,-1,-1
esp_0517.png,1,34,1,7,11
esp_0518.png,1,39,0,8,11
esp_0519.png,1,42,7,8,12
esp_0520.png,0,-1,-1,-1,-1
esp_0521.png,1,0,0,112,124
esp_0522.png,0,-1,-1,-1,-1
esp_0523.png,1,123,4,4,11
esp_0524.png,1,93,0,10,12
esp_0525.png,1,99,0,12,12
esp_0526.png,1,69,3,13,15
esp_0527.png,1,79,16,14,17
esp_0528.png,1,87,2,18,25
esp_0529.png,1,91,18,22,32
esp_0530.png,1,63,22,16,24
esp_0531.png,1,1,7,19,24
esp_0532.png,1,0,0,125,126
esp_0533.png,1,49,2,20,25
esp_0534.png,1,63,0,27,36
esp_0535.png,1,9,0,23,16
esp_0536.png,1,30,0,48,53
esp_0537.png,1,23,0,49,55
esp_0538.png,1,41,0,52,54
esp_0539.png,1,8,0,43,24
esp_0540.png,1,34,0,41,47
esp_0541.png,1,19,0,45,52
esp_0542.png,1,0,4,48,65
esp_0543.png,1,3,0,58,36
esp_0544.png,1,0,0,20,56
esp_0545.png,0,-1,-1,-1,-1
esp_0546.png,1,0,0,31,49
esp_0547.png,1,67,14,47,69
esp_0548.png,1,92,9,35,67
esp_0549.png,1,26,0,56,86
esp_0550.png,1,46,44,64,83
esp_0551.png,0,-1,-1,-1,-1
esp_0552.png,0,-1,-1,-1,-1
esp_0553.png,1,68,15,24,33
esp_0554.png,1,22,0,52,26
esp_0555.png,1,92,31,12,21
esp_0556.png,1,107,20,18,25
esp_0557.png,1,0,0,23,25
esp_0558.png,1,10,0,22,24
esp_0559.png,1,35,0,17,12
esp_0560.png,1,93,4,27,35
esp_0561.png,1,84,27,29,38
esp_0562.png,1,39,17,17,23
esp_0563.png,1,28,0,18,21
esp_0564.png,1,3,0,17,22
esp_0565.png,0,-1,-1,-1,-1
esp_0566.png,1,72,59,26,30
esp_0567.png,0,-1,-1,-1,-1
esp_0568.png,1,32,25,18,21
esp_0569.png,1,64,16,21,25
esp_0570.png,1,67,0,15,20
esp_0571.png,1,47,0,13,15
esp_0572.png,1,51,0,12,14
esp_0573.png,1,73,0,13,12
esp_0574.png,1,75,17,15,21
esp_0575.png,1,23,2,14,20
esp_0576.png,1,39,0,13,14
esp_0577.png,1,0,40,15,20
esp_0578.png,1,37,4,14,18
esp_0579.png,1,75,0,11,14
esp_0580.png,1,72,0,13,17
esp_0581.png,1,51,0,11,7
esp_0582.png,0,-1,-1,-1,-1
esp_0583.png,0,-1,-1,-1,-1
esp_0584.png,0,-1,-1,-1,-1
esp_0585.png,0,-1,-1,-1,-1
esp_0586.png,0,-1,-1,-1,-1
esp_0587.png,0,-1,-1,-1,-1
esp_0588.png,0,-1,-1,-1,-1
esp_0589.png,0,-1,-1,-1,-1
esp_0590.png,0,-1,-1,-1,-1
esp_0591.png,0,-1,-1,-1,-1
esp_0592.png,0,-1,-1,-1,-1
esp_0593.png,0,-1,-1,-1,-1
esp_0594.png,0,-1,-1,-1,-1
esp_0595.png,0,-1,-1,-1,-1
esp_0596.png,0,-1,-1,-1,-1
esp_0597.png,0,-1,-1,-1,-1
esp_0598.png,0,-1,-1,-1,-1
